1.3779e-307
2.35621e-305
3.98227e-303
6.69045e-301
1.11735e-298
1.85486e-296
3.06063e-294
5.01963e-292
8.1823e-290
1.32558e-287
2.13427e-285
3.41497e-283
5.43001e-281
8.57976e-279
1.34708e-276
2.10153e-274
3.2575e-272
5.01677e-270
7.67598e-268
1.1668e-265
1.76194e-263
2.64303e-261
3.9383e-259
5.82895e-257
8.56895e-255
1.25113e-252
1.81422e-250
2.6126e-248
3.7362e-246
5.30567e-244
7.48137e-242
1.04744e-239
1.45602e-237
2.00942e-235
2.75305e-233
3.74435e-231
5.05515e-229
6.77428e-227
9.0103e-225
1.18943e-222
1.55824e-220
2.02583e-218
2.61348e-216
3.34546e-214
4.249e-212
5.35408e-210
6.69302e-208
8.29989e-206
1.02095e-203
1.24565e-201
1.50734e-199
1.80893e-197
2.15278e-195
2.54046e-193
2.97255e-191
3.44842e-189
3.96598e-187
4.52157e-185
5.10977e-183
5.7234e-181
6.35349e-179
6.98942e-177
7.6191e-175
8.22934e-173
8.80616e-171
9.33536e-169
9.80302e-167
1.01961e-164
1.0503e-162
1.0714e-160
1.08222e-158
1.08233e-156
1.07162e-154
1.0503e-152
1.01889e-150
9.78245e-149
9.29436e-147
8.73769e-145
8.12699e-143
7.47771e-141
6.80554e-139
6.12574e-137
5.4526e-135
4.79891e-133
4.1756e-131
3.5915e-129
3.0532e-127
2.56505e-125
2.1293e-123
1.74629e-121
1.41471e-119
1.13194e-117
8.94378e-116
6.97729e-114
5.37342e-112
4.08451e-110
3.06392e-108
2.26772e-106
1.65574e-104
1.19237e-102
8.46748e-101
5.92844e-99
4.09148e-97
2.78281e-95
1.8649e-93
1.23112e-91
8.00414e-90
5.1239e-88
3.22887e-86
2.00242e-84
1.2218e-82
7.33286e-81
4.32763e-79
2.51077e-77
1.43158e-75
8.0194e-74
4.41213e-72
2.38337e-70
1.26363e-68
6.57332e-67
3.35368e-65
1.67751e-63
8.22323e-62
3.94886e-60
1.8568e-58
8.54533e-57
3.8473e-55
1.69368e-53
7.28678e-52
3.06218e-50
1.25624e-48
5.02809e-47
1.96224e-45
7.46168e-44
2.76284e-42
9.95388e-41
3.4867e-39
1.1865e-37
3.91904e-36
1.25532e-34
3.89552e-33
1.16995e-31
3.39688e-30
9.52338e-29
2.57483e-27
6.70443e-26
1.67878e-24
4.03605e-23
9.3004e-22
2.0503e-20
4.31535e-19
8.65217e-18
1.64844e-16
2.9763e-15
5.07711e-14
8.15487e-13
1.22862e-11
1.72877e-10
2.26055e-09
2.73127e-08
3.02886e-07
3.05862e-06
2.78602e-05
0.000226273
0.00161516
0.0099485
0.0516152
0.218282
0.718282
1.71828
2.71828
